4.61
4.58
4.59
4.62
4.61
4.61
4.6
4.57
4.58
4.6
4.57
4.57
4.57
4.58
4.55
4.56
4.55
4.54
4.57
4.55
4.58
4.56
4.55
4.56
4.56
4.57
4.57
4.59
4.59
4.57
4.58
4.57
4.57
4.59
4.56
4.57
4.59
4.57
4.58
4.6
4.58
4.55
4.58
4.55
4.59
4.59
4.6
4.6
4.61
4.59
4.61
4.58
4.6
4.6
4.58
4.59
4.59
4.61
4.58
4.58
4.58
4.57
4.59
4.58
4.56
4.58
4.59
4.6
4.6
4.59
4.59
4.59
4.59
4.59
4.59
4.59
4.59
4.59
4.59
4.59
4.59
4.59
4.59
4.59
4.59
4.59
4.59
4.59
4.59
4.59
4.59
4.59
4.59
4.59
4.59
3.89
3.86
3.89
3.91
3.9
3.88
3.86
3.85
3.85
3.88
3.86
3.87
3.88
3.86
3.88
3.87
3.89
3.86
3.85
3.85
3.85
3.84
3.85
3.83
3.84
3.84
3.87
3.85
3.86
3.85
3.86
3.85
3.84
3.86
3.85
3.86
3.87
3.85
3.84
3.87
3.88
3.85
3.86
3.87
3.85
3.88
3.87
3.86
3.87
3.91
3.85
3.85
3.85
3.85
3.86
3.85
3.85
3.85
3.87
3.85
3.84
3.84
3.85
3.86
3.87
3.86
3.87
3.89
3.91
3.88
3.87
3.87
3.86
3.86
3.86
3.86
3.86
3.86
3.86
3.86
3.86
3.86
3.86
3.86
3.86
3.86
3.86
3.86
3.86
3.86
3.86
3.86
3.86
3.86
3.86
3.86
3.86
3.86
3.86
3.86
2.84
2.86
2.86
2.86
2.85
2.86
2.86
2.85
2.86
2.85
2.84
2.84
2.86
2.86
2.86
2.84
2.84
2.86
2.85
2.84
2.84
2.84
2.85
2.85
2.84
2.85
2.85
2.85
2.84
2.84
2.86
2.85
2.84
2.85
2.83
2.82
2.83
2.85
2.83
2.83
2.85
2.84
2.84
2.85
2.84
2.83
2.84
2.84
2.83
2.86
2.85
2.84
2.86
2.85
2.85
2.87
2.86
2.84
2.84
2.85
2.84
2.84
2.87
2.86
2.86
2.86
2.86
2.86
2.86
2.86
2.86
2.86
2.86
2.86
2.86
2.86
2.86
2.86
2.86
2.86
2.86
2.86
2.86
2.86
2.86
2.86
2.86
2.86
2.86
2.86
2.86