3.33
3.39
3.37
3.42
3.41
3.43
3.45
3.39
3.39
3.4
3.38
3.4
3.41
3.39
3.37
3.39
3.38
3.44
3.44
3.42
3.38
3.4
3.38
3.38
3.41
3.41
3.4
3.44
3.45
3.38
3.38
3.38
3.38
3.39
3.39
3.39
3.41
3.43
3.39
3.42
3.42
3.42
3.39
3.4
3.42
3.42
3.43
3.4
3.41
3.4
3.38
3.42
3.37
3.39
3.39
3.38
3.39
3.36
3.35
3.36
3.33
3.37
3.37
3.39
3.38
3.38
3.39
3.41
3.41
3.42
3.42
3.42
3.42
3.42
3.42
3.42
3.42
3.42
3.42
3.42
3.42
3.42
3.42
3.42
3.42
3.42
3.42
3.42
3.42
3.42
3.42
3.42
3.42
3.42
3.42
2.96
2.96
2.95
2.96
2.96
2.94
2.98
2.96
2.96
2.96
2.95
2.92
2.92
2.9
2.94
2.95
2.97
2.97
2.95
2.96
2.99
2.98
2.93
2.96
2.96
2.97
2.98
2.96
2.94
2.94
2.94
2.94
2.93
2.95
2.94
2.91
2.91
2.92
2.93
2.93
2.97
2.94
2.94
2.94
2.94
2.94
2.94
2.94
2.94
2.94
2.94
2.94
2.94
2.94
2.94
2.94
2.94
2.94
2.94
2.94
2.94
2.94
2.94
2.94
2.94
2.94
2.94
2.94
2.94
2.94
2.94
2.94
2.94
2.94
2.94
2.94
2.94
2.94
2.94
2.94
2.94
2.94
2.94
2.94
2.94
2.94
2.94
2.94
2.94
2.94
2.94
2.94
2.94
2.94
2.94
2.94
2.94
2.94
2.94
2.94
2.29
2.28
2.29
2.28
2.29
2.3
2.3
2.29
2.3
2.28
2.32
2.3
2.29
2.28
2.27
2.26
2.27
2.27
2.25
2.29
2.28
2.29
2.27
2.26
2.25
2.29
2.27
2.26
2.27
2.27
2.28
2.25
2.24
2.25
2.21
2.24
2.24
2.25
2.24
2.27
2.25
2.24
2.24
2.25
2.23
2.24
2.24
2.25
2.24
2.25
2.25
2.25
2.25
2.25
2.25
2.25
2.25
2.25
2.25
2.25
2.25
2.25
2.25
2.25
2.25
2.25
2.25
2.25
2.25
2.25
2.25
2.25
2.25
2.25
2.25
2.25
2.25
2.25
2.25
2.25
2.25
2.25
2.25
2.25
2.25
2.25
2.25
2.25
2.25
2.25